ASA	Asparagine	Aspartate	betaAlanine	Brix	Citrate	DHA	Erythritol	Fructose	Fucose	GABA	Galacturonate	Glucuronate	Glutamate	Glutamine	Glutarate2oxo	Glycerol3P	Inositol1P	Lysine	Malate	Maltitol	Maltose	Methionine	Nicotinate	Phenylalanine	Proline	Putrescine	Rhamnose	Saccharate	Serine	Sucrose	Threonate	Threonine	Tocopherol	Tyramine	Xylose
1.610322286	0.278796599	0.029911143	0.069110487	10.88333333	0.319884447	0.335064114	-0.155840787	0.854077884	0.196947777	-0.037626935	1.053983697	1.033162856	1.031555903	-0.025959409	0.102688693	-0.015740654	0.228281566	0.285752721	0.248983392	0.276560567	0.388958804	0.6609228	0.206959824	0.088789314	0.210344463	0.309854049	0.714501008	-0.147499506	0.026413372	0.353188714	0.036149755	0.120736125	0.378370464	0.148358172	0.330076892
1.44110804	0.11733749	0.176543177	0.189786047	7.398376068	0.625328486	0.029661185	-0.042090931	0.803190802	-0.021648106	0.22089687	0.077749331	0.080172982	0.666938368	0.133963123	-0.005485986	0.120501339	0.067682681	0.123512786	0.203217806	0.188657874	0.159076459	1.096500025	0.211610778	0.170078871	0.290065555	0.197913932	0.519955869	0.121600176	0.162501572	0.324208253	0.227499148	0.238555681	0.541984783	0.000117407	0.160132913
1.342408118	0.100003579	0.336132629	0.361975894	7.398376068	0.279882916	-0.014073583	-0.223131336	0.545731194	-0.049334122	0.282797361	0.073881091	0.131160495	0.780904351	0.023041002	0.557811534	0.125520139	0.074697116	0.091386613	0.586206562	0.076404918	0.146370132	0.258360504	-0.063352272	0.306103496	-0.035828345	0.021732159	0.334333998	0.203477599	0.338338244	0.298951481	0.347390807	0.270272397	0.574129171	-0.526613866	0.432895529
1.317418334	0.176238604	-0.311879187	0.034189613	5.266666667	0.194412751	-0.202518596	-0.448610783	0.316062059	-0.148795187	0.622065002	0.545861531	0.536864185	0.266751997	-0.060602439	-0.012639694	-0.243226214	-0.154976529	0.007265805	0.421285824	-0.158149842	-0.185289812	0.364343236	-0.324875127	0.097108702	-1.194579065	0.148635272	0.328263154	-0.121559001	0.334496616	-0.541150345	-0.299339145	0.316738941	0.222353953	-0.279625725	0.310320917
1.334387164	0.334558742	0.022268418	0.395652531	6.383333333	0.277421776	-0.219652437	-0.285871088	0.495137951	-0.091284654	0.616274544	0.814799343	0.826301856	0.469114313	0.100677462	0.077456789	-0.23190084	-0.054416338	-0.010303773	0.455319635	-0.115351424	-0.127352057	0.314946759	-0.249249943	0.287507825	-0.629202591	-0.080508556	0.258071233	0.143326204	0.392531293	-0.129792311	0.021332227	0.404724761	0.162945878	-0.432966662	0.215323158
1.439422056	0.024350637	-0.27213585	-0.099493458	6.05	0.482374246	0.032161016	-0.218382153	0.445135078	-0.113743091	-0.043217831	0.552104061	0.45128744	0.186421353	-0.200632096	-0.089065326	-0.249563403	-0.117819664	-0.046401737	0.374306008	-0.233556378	-0.041889627	0.455864498	-0.207238329	-0.119755611	-0.714948707	-0.05943578	0.542192084	-0.144211701	0.161394752	-0.08538462	-0.233309192	0.183918202	0.445763103	-0.184471858	0.265172271
1.478505913	0.284278408	0.021984422	0.351180555	6.55	0.875080029	0.051069461	-0.300885564	0.322792822	-0.028115612	0.156958301	0.612495033	0.649993276	0.788268154	0.083434519	0.238780108	0.087976975	0.0077535	0.19895255	-0.058987157	-0.028967061	-0.11569865	0.610728572	-0.069351538	0.124206206	-0.204200556	0.022559616	0.413473457	0.209452955	0.158961576	-0.040346936	0.018876671	0.189368731	0.544998276	-0.263718813	0.431098925
1.389282408	-0.074188127	-0.20953185	-0.145477006	6.666666667	0.81615253	-0.056614482	-0.234797629	0.615861308	-0.059236232	0.238298151	0.844096694	0.8164057	0.489223504	-0.192481944	-0.158503759	-0.265150266	-0.223857662	-0.150608756	-0.200545035	-0.000586578	-0.015098899	0.132870858	-0.110063817	-0.525588959	-0.768818267	0.005871378	0.729558028	0.098433049	-0.089150245	-0.079126953	-0.168955353	-0.04788213	0.379621226	-0.130102642	0.145898707
1.10893738	0.009450191	-0.0582516	0.023366303	5.2	0.397770791	-0.038521245	-0.249174381	0.554821028	-0.003466035	0.176701565	1.087659878	1.127338509	0.455780244	-0.256390946	-0.264778648	-0.020522949	0.014280473	-0.045758291	-0.101410452	0.017074974	0.047762647	0.279652725	-0.204148156	0.024229657	-0.395891719	0.111631404	0.561827192	-0.141470619	-0.013948726	-0.290397704	-0.011704051	0.057700011	0.61912256	-0.073165634	0.192952
1.340755759	-0.063529819	0.232566426	0.034548009	6.383333333	0.445510407	-0.146587102	-0.137412193	0.436286799	-0.074458061	0.100718123	-0.096362421	0.013788828	0.528526164	-0.072344734	-0.332281055	-0.162977891	-0.03502144	-0.138199287	-0.037218785	-0.061943435	-0.003265192	0.107972108	-0.154580693	0.104750249	-0.456873034	-0.277103842	0.243988851	0.15693601	0.086742554	0.075409107	0.210029859	0.041625065	0.628653678	-0.372951027	0.358011108
1.334449236	0.090025565	-0.011842735	-0.033062056	5.65	0.501505574	-0.181882471	-0.330888831	0.342206886	-0.087391254	0.313925845	0.72493927	0.748817313	0.620297876	-0.3693323	0.149250201	-0.246198405	-0.002137678	-0.19197417	0.347519149	-0.11240791	0.00648165	0.235321815	-0.084034289	-0.152707797	-0.805405222	0.126975211	0.476826238	0.083089483	0.080304577	-0.222866339	-0.005480016	0.110000952	0.431154634	-0.186476866	0.149583495
1.466140246	0.192124934	-0.349223218	0.523416491	6.483333333	0.64093375	0.033045566	-0.534918448	0.597458182	-0.055648817	0.448501367	1.098987192	1.127969459	0.01703299	0.043939206	-0.322600603	-0.044850841	-0.031818882	0.103430084	0.254064677	0.13918265	-0.288489115	1.378781541	-0.171762379	0.249333015	-0.362769428	0.163301121	0.374959735	0.216205938	0.285578873	0.048504995	-0.299516565	0.141911221	0.438653095	0.01535996	0.063751305
1.351281543	0.281215519	0.022047282	0.374358921	6.35	0.922548438	-0.122014169	-0.259144289	0.520403922	-0.067743728	0.482497507	1.114897685	1.04783483	0.625433245	-0.027461725	-0.11881286	-0.046747588	-0.03173804	0.126330403	0.177140342	-0.196894077	-0.178343782	0.539651513	-0.173498697	0.208941705	-0.655378379	0.213569984	0.569821526	0.123665184	0.363233706	0.013627	0.03618978	0.374962989	0.464505635	-0.13652229	0.276555328
1.456428378	0.330281215	0.06467712	-0.480509242	5	0.911261278	-0.035272759	-0.012108467	0.159164382	-0.01932409	-0.331841181	0.941026979	0.955876793	0.195986055	-0.099542516	-0.472525161	-0.094815132	-0.076035903	0.064181674	-0.014581882	-0.303636224	-0.231128993	0.528854109	-0.141764728	-0.5150374	-1.187649576	0.069896083	0.476834104	-0.559294188	-0.312814706	-0.25667998	0.073685221	-0.121893344	0.16430636	-0.138417924	0.265214182
1.33338393	0.464806174	0.23645348	0.384400648	7.366666667	0.197784394	-0.075935845	-0.0712882	0.610884053	0.038688027	0.349166691	0.391660393	0.430725318	0.783137743	0.047805786	0.091789126	0.029675169	0.025445323	0.263932224	0.080751169	0.114199838	0.11308679	0.822522836	0.0521559	0.28985749	0.132909876	-0.028513645	0.862528844	0.109090456	0.382354304	0.068494645	0.254844006	0.379160023	0.474682237	-0.070370835	0.122518328
1.368857614	0.146481019	0.109968139	-0.050755896	6.233333333	0.497148187	-0.106352035	-0.011140792	0.530370621	-0.028394726	0.068021184	0.710829051	0.697175567	0.579855721	0.039303762	-0.167595929	0.078855486	0.002076211	-0.037729313	-0.149955051	-0.021960919	-0.15716338	0.262024185	0.020973018	0.117732381	-0.11044669	-0.13761476	0.597982155	0.235393155	-0.06089285	0.001740299	0.115684875	0.085954095	0.851209028	-0.29184087	0.315028683
1.601860719	0.40173459	-0.1627727	0.253395824	8.966666667	0.757543434	0.256088024	-0.030982711	0.704184579	-0.014628207	0.239064059	0.127802181	0.109110077	0.298900957	0.306451755	0.105342036	0.172509138	0.254788486	0.385387589	0.039915064	0.25306839	-0.094428619	0.816957921	0.190565414	0.471558898	0.086938004	0.420681959	0.224832929	-0.045624104	0.410760961	0.27980205	-0.105570953	0.325890494	0.525882421	-0.013960267	0.365173662
1.523601485	-0.129011232	-0.429624452	0.300203634	5.983333333	0.478565685	-0.043775502	-0.303739577	0.49327173	-0.149941126	0.476648237	0.770755713	0.791071421	0.350755686	-0.359390877	0.374868056	-0.003501213	0.133382969	-0.208761035	0.422215675	0.020037277	-0.083739054	0.296730342	-0.15467554	-0.172757505	-0.605622948	-0.00027918	0.507039958	0.023254225	0.363393379	-0.159006708	-0.352509262	0.184233983	0.681035285	-0.091026703	0.308511848
1.676903369	-0.290710767	0.044637392	-0.032095492	8.766666667	0.449927621	0.23558106	-0.09380361	0.882603319	0.036385773	0.217411228	0.830654369	0.805880793	0.888380942	-0.472567897	-0.063185524	0.064028532	0.112418584	0.201937398	-0.604938307	0.330488416	0.05930029	0.798054007	0.198288829	0.094814965	0.311938966	-0.136812695	0.994415344	-0.145428637	-0.067914132	0.274332173	0.056527332	-0.036051447	0.966045266	0.180272891	0.432518775
1.673760501	0.159414175	0.20543989	-0.063620988	11.4	0.695124964	0.364977229	-0.186794684	0.741534135	0.104956908	-0.132520414	-0.362820718	-0.325300677	1.277059433	0.026389396	0.275026652	0.138922407	0.188451769	0.172819205	0.130820486	0.285636118	0.126989528	0.868982975	0.381508728	0.3101211	0.479936708	0.28959913	0.951157694	0.271390211	0.39229146	0.289409895	0.222297325	0.35799781	0.456908503	0.148783336	0.187684849
1.481608115	0.230740037	0.060587279	-0.002286783	6.783333333	0.046103528	-0.044360829	-0.081134328	0.234400141	0.14609758	0.076704079	1.143393999	1.20276739	0.553679422	-0.057260764	-0.507423939	0.133805229	0.003206737	0.136111384	-0.347917333	-0.018963596	-0.168286661	0.521745546	0.118981075	0.027807561	0.008393039	0.332193902	1.13691524	0.174698039	-0.330920936	-0.341891624	0.105332484	-0.069586498	0.126641324	0.167537162	0.251799
1.714423001	0.097134294	0.226714323	0.053149286	10.88333333	0.678580758	0.228882742	0.002389005	0.748455774	0.269517089	-0.177546996	0.567438586	0.778668968	1.167560581	-0.032042842	-0.078401651	0.093882999	0.264066979	0.311902717	-0.006933185	0.125265043	0.220050929	1.319045173	0.123315049	0.295852578	0.58634916	0.242783144	0.87518564	-0.04634761	0.144446079	0.231179341	0.048363349	0.090659521	0.8220701	-0.03172184	0.405746013
1.604004543	-0.017603913	0.308013167	0.443688779	9.766666667	0.634973478	0.228887311	0.143054331	0.670981523	0.153117336	0.254097178	0.408641334	0.440001697	1.005374663	-0.211139645	0.21526466	0.204253458	0.163984419	0.483682419	-0.078470951	0.331602776	0.015045947	1.128567815	0.418358459	0.360538472	0.439567975	0.11902295	0.788053014	0.299993897	0.166190096	0.493502387	0.048363349	0.084215179	0.184920027	0.063404748	0.503071326
1.469204813	0.139869195	-0.062829865	-0.153966357	7.166666667	0.61224416	0.036747048	0.083243127	0.653701851	0.005261886	-0.104273107	0.588614042	0.654135667	0.32457078	-0.140468318	-0.027592778	0.075822449	-0.058026614	-0.033113221	0.297384723	0.030270406	0.104049962	1.026541291	-0.011213988	-0.101322005	-0.06157397	-0.319682778	1.056688544	-0.191386892	0.177839398	0.005292783	-0.004517225	0.035334145	0.33738737	-0.028507556	0.495208806
1.693881881	-0.259313837	-0.035497396	0.296524523	8.35	0.901144714	0.186776651	0.082526054	0.930238293	0.183837401	-0.06582143	0.188289089	0.234893338	0.550411507	-0.374446395	-0.127672758	0.084178907	0.099574231	0.021771752	0.175801301	0.3466179	0.071885123	0.676256636	0.209255144	0.206427645	0.203000763	-0.085517442	0.799490717	0.162884173	0.280246657	0.281719162	-0.015339672	0.096946803	0.65203986	-0.09624476	0.187954089
1.599950466	-0.359100495	-0.05102994	0.241024678	8.6	0.746433041	0.288100919	0.191092821	0.865175864	0.005997976	-0.140351933	0.092449041	0.137407439	0.769206016	-0.51608792	0.201825306	-0.102101469	0.122865979	0.142436744	-0.094588186	0.358709735	0.141771724	0.732382478	0.260262751	0.033328121	0.354149781	0.244496419	0.374903629	0.297870192	0.014688651	0.369058482	-0.060419752	-0.154713437	0.746991743	0.017204991	0.285159203
1.673038274	0.078062243	0.032027295	0.030723703	9.383333333	0.585116832	0.316939735	-0.137076251	0.65555863	0.17656975	0.038939669	0.236165237	0.263322746	0.851759086	-0.032397004	0.144892345	0.12144439	0.244967481	0.145169355	-0.202508737	0.204754478	0.024806837	0.778953399	0.22424228	0.140024686	0.058599968	0.338359723	0.608057636	0.062404196	-0.079045744	0.108937449	0.037551257	0.071347538	0.724525636	0.216126465	0.486207209
1.714451463	0.061366177	-0.223106354	0.319000246	10.3	0.885484775	0.348878905	-0.030423811	0.791469703	0.240860416	-0.229628834	0.904471752	1.330969071	0.106822035	0.121784486	0.568531349	0.075032853	0.271039772	-0.077781921	0.161708006	0.409997995	0.094967899	0.4905033	0.381925549	0.150746862	0.437796561	0.261170396	0.792331869	0.06547672	0.101747655	0.096371397	-0.177696575	-0.018370289	0.388792143	0.147799195	0.365130559
1.460671116	0.135453511	-0.077503316	0.076816677	8.65	0.743124853	0.107423194	-0.100078735	0.638358784	0.037415789	0.208631568	0.777989939	0.647195073	0.544654768	0.06888636	0.044940517	-0.010632556	0.033671145	0.273676827	-0.240217839	0.314628471	0.142201512	0.996651443	0.155392113	-0.200933014	0.392834448	0.235552582	0.887940281	0.27994999	-0.150033316	0.303378868	-0.025027638	0.03750231	0.942612529	-0.352764726	0.423258704
1.714643432	0.014870978	-0.03797891	0.03039011	9.783333333	0.857564523	0.154042563	-0.165304924	1.055005697	0.261508938	0.064298452	0.177607356	0.402197239	1.06467764	-0.056745283	0.25447784	0.049612822	0.162285095	0.120719253	-0.113503656	0.348499463	0.096543756	0.713184671	0.333839328	0.235870937	0.46206065	0.19528964	0.645514039	0.126431823	0.006798652	0.199575017	-0.037854449	0.171660203	0.627720015	0.158559013	0.429304844
1.617297261	-0.120065387	-0.01165059	-0.098765661	9.816666667	0.604042081	0.329826532	-0.172614454	0.850242431	0.139482545	-0.187665997	0.2979127	0.343938697	0.91955491	-0.187394602	0.253791365	0.088897604	0.085678597	0.01715968	-0.02203324	0.426002542	0.185331534	0.725035681	0.284473419	0.192279002	0.490894094	0.403060084	0.574865466	0.126050133	-0.143264738	0.298736953	0.004854473	0.036972972	0.496788519	0.386499836	0.417295232
1.676244956	-0.438412451	-0.030955144	-0.203882038	9.35	0.56542937	0.32231344	0.009231739	0.632461334	-0.000768652	-0.119696869	-0.065953768	0.125239765	1.060067994	-0.528672426	0.102688693	-0.05573229	0.264383648	-0.08923178	0.482359657	0.169502217	0.080928808	0.440863854	0.256010879	0.099537558	0.050481072	0.372244725	0.720840484	0.202144273	0.146494071	0.219179153	-0.005607886	0.218383461	0.8421081	0.008650137	0.06481053
1.408662719	0.016184983	0.090087799	0.03076874	8.566666667	0.108249337	-0.010478188	0.004964986	0.795862791	0.064219683	0.074294813	0.901798142	0.960280802	0.904543876	-0.303742112	0.292218989	0.178389055	0.083891744	-0.000553912	0.075538098	0.095459613	0.038830716	0.584193481	0.040493509	0.087562446	0.372443997	0.01705772	0.577690843	0.05093429	-0.166221974	0.015567516	0.091337571	0.104690306	0.460743745	-0.068534303	0.502013366
1.678778844	-0.959859355	-0.553168137	-0.422766338	8.133333333	0.956462076	0.191591056	-0.327705071	0.820989684	0.196228422	-0.523949149	0.83733477	1.198739971	0.321464549	-1.046182763	0.303807404	-0.101861611	0.046357861	-0.342871322	-0.270172824	0.092518334	0.244448468	0.326006174	0.143425519	-0.06255137	0.042568736	-0.342026769	0.959217894	-0.155469099	-0.501624846	-0.026141274	-0.475219046	-0.499130218	0.580225377	-0.04287658	0.453636608
1.238854582	0.213959138	0.130648826	0.320011964	7.133333333	0.74026163	-0.04037514	-0.166041888	0.486240927	0.054304377	0.471956988	0.422525275	0.4144581	0.558585408	0.376500258	0.071186036	0.014792942	0.009614136	0.262198387	-0.338181586	-0.146667139	0.028715628	0.943789365	0.057877243	0.256275764	0.108323537	-0.097098756	1.064061166	0.113252197	0.342460669	0.005495241	0.181729965	0.251878178	0.706365359	-0.165388394	0.410251604
1.433505952	-0.043916449	-0.203448931	-0.119477769	6.433333333	0.703673008	0.013925679	-0.009819597	0.828391228	0.0729249	-0.059711942	0.142381913	0.327918684	0.430493396	-0.158193266	0.070356165	-0.166033275	0.050294612	-0.161701193	-0.019242332	0.215136098	0.089765567	0.666310096	0.202984098	-0.090522516	0.022674157	0.26637778	0.410123221	-0.044779839	-0.051770141	0.171714764	-0.139010517	-0.026644283	0.523568979	-0.003562251	0.317635316
1.495087135	0.150193217	-0.020921516	0.138589746	6.616666667	0.55510583	-0.015781294	-0.309816084	0.429026183	-0.090787372	0.382963764	-0.054787718	0.077364345	0.389545353	0.247638724	0.273220871	-0.021423042	-0.120747148	0.03187799	0.39945474	-0.168428512	-0.199211956	0.380096425	0.051234847	0.034940819	-0.146155166	-0.043101676	0.741229838	0.049465355	0.081419747	0.008394162	0.025856965	0.319733821	0.550173468	-0.187990782	0.19738265
1.499153134	-0.038419424	-0.124601047	-0.113447401	7.116666667	0.277460507	-0.056522131	-0.399331262	0.642932446	-0.042191463	0.203740522	0.537650766	0.527113931	0.665869296	-0.056812488	0.23337402	-0.201217572	-0.117019131	-0.06991856	0.456079156	-0.010017982	0.017537182	0.580796698	0.001712183	-0.192158367	-0.033952191	-0.011377749	0.727482119	-0.17922673	-0.035788941	0.0885906	-0.074740181	-0.013599108	0.585712219	0.14124636	0.368534315
1.625303065	-0.460218607	0.060452089	-0.542675121	8.45	0.755602524	0.219453254	0.117837587	0.63998225	-0.017963057	-0.425904097	0.614280195	0.666365849	0.810759554	-0.419176402	0.369639057	0.069941329	-0.003824772	0.104017859	-0.207438727	0.164315801	-0.151075338	0.605739444	0.318634933	-0.132341536	0.376659309	0.128799199	0.620318157	0.242436259	-0.173995232	0.203110574	0.051485824	-0.236197996	0.662186292	0.259271894	0.293900932
1.628570535	-0.11413783	0.116787649	-0.32333852	7.433333333	0.445038894	0.237962377	0.110577917	0.424413803	0.036029991	-0.017524218	0.74324395	0.784702333	1.005464977	-0.160798861	0.064749398	0.192767288	0.019878071	0.28101392	-0.055665474	0.053575731	0.019033788	0.75594913	0.273152086	-0.0972403	0.499535084	-0.087378812	1.103200875	0.22735134	-0.221125144	-0.143984611	0.100193509	-0.128226698	0.872821256	-0.035550109	0.372096784
1.423697711	0.062733177	0.039564158	-0.113091993	7.398376068	0.488032451	0.009845149	-0.191431864	0.508567094	0.018812054	0.101513782	0.288587768	0.332673429	0.655974515	0.002828074	0.407406616	-0.026000281	0.097798046	-0.00084295	0.135402801	0.038625504	0.011495584	0.62966361	0.057424371	0.097046013	-0.110925423	-0.127339903	0.707757945	0.072910436	-0.081685598	0.009602436	0.046133571	0.071023042	0.634405795	-0.119378451	0.430204507
1.606039295	0.090845814	-0.152720373	0.301687468	5.783333333	0.6886751	0.280077241	-0.168804307	0.395211764	0.132232691	0.290586936	0.031490168	0.134122028	0.694336143	0.132574773	0.398058645	-0.126670731	-0.027551689	0.084365403	-0.174672651	-0.042989977	0.046094849	0.985028263	0.070238903	-0.171627114	-0.4173503	0.11902295	0.43528102	-0.127797136	-0.139647488	-0.009490849	-0.100984594	0.021865573	0.309825014	0.327336634	0.331621218
1.497516777	-0.284859365	0.075510812	-0.73203101	7.25	0.461620072	-0.034742846	-0.04773766	0.608526217	-0.060526525	-0.143376174	1.240259035	0.886248834	1.179718094	-0.289713753	0.492456778	0.141114941	0.032247854	-0.115196287	0.431733939	0.029818864	-0.038054573	0.303924446	0.055732121	-0.186018136	-0.204186787	-0.032765054	0.739281422	-0.227805893	-0.469666808	0.023792287	0.102879425	-0.310950516	0.523836761	-0.216428953	0.189813962
1.558513102	0.384287646	0.167440029	0.182182185	7.5	0.624259709	0.160217866	-0.34111539	0.580646624	0.097802256	-0.085118978	0.549082679	0.590966955	0.812626798	0.28195691	0.002226181	0.133835161	0.049399928	0.310113115	0.391002002	0.115336322	-0.171132604	0.795504381	0.116900106	0.332443913	-0.043576404	0.179300155	0.232944398	0.280579776	0.337559171	0.14659909	0.227684268	0.292502341	0.288531833	-0.055354791	0.273729831
1.410729954	0.179492607	-0.096021645	0.509069589	6.683333333	0.565819565	-0.033079885	-0.130799567	0.412148444	-0.033830578	0.321775643	0.824194296	0.649219209	0.612730714	0.19851249	0.105629493	0.214957181	0.093203137	0.28185852	0.132298915	0.007678905	-0.042843225	1.192875351	0.188439388	-0.001280584	-0.357198854	0.165477246	0.548988425	-0.091445074	0.291450303	-0.124488084	-0.076811111	0.345346956	0.705730781	0.110313037	0.422149161
1.405512108	-0.174264293	-0.188229822	-0.884124174	5.466666667	0.175444794	0.025668189	-0.219731414	0.33373794	0.019441084	-0.612309475	1.215112282	1.052396926	0.500391547	-0.232159206	0.309829684	-0.162363734	-0.000159972	-0.087668408	0.507975197	-0.088116976	0.12084319	-0.02168688	-0.014581381	-0.360425328	-0.806105884	0.17321733	0.546389386	-0.268891577	-0.617355076	-0.429110707	-0.145772935	-0.194037216	0.708873731	-0.031245249	0.347787388
1.583332809	-0.241104356	0.081334846	-0.125544916	7.333333333	0.758399899	0.196463086	-0.078465098	0.669360939	0.03468498	0.18648293	0.739328292	0.756542501	0.789206664	-0.208064114	0.222142695	0.328460537	0.057363225	0.145560711	-0.371754251	0.153619434	-0.145329619	0.2832096	0.141922785	-0.125682971	0.240042675	0.003921944	0.827166715	-0.357398757	-0.02525417	0.286439997	0.063279724	-0.047687655	1.101735128	-0.218115467	0.319909923
1.591416877	0.17521843	-0.02903278	0.139686944	7.833333333	0.857654522	0.330256654	-0.265426336	0.82068706	0.024275752	0.021484878	1.16799239	1.110477067	0.569115235	0.009023035	0.259687272	0.105354143	-0.017083486	0.191975763	-0.47059308	0.128652233	0.257917754	0.927420199	0.201712583	-0.182974066	0.319548845	-0.025010728	1.176779289	-0.042121543	0.230755121	0.307522728	-0.003523242	0.282346236	0.640145053	-0.135580372	0.266622716
1.652356649	-0.152032007	0.050743586	-0.063726662	8.2	0.684461248	0.221866816	-0.034879907	0.810639227	-0.010641366	0.165517397	0.686425101	0.624369968	0.749194739	-0.127804892	0.349378853	0.216752497	0.073779987	0.119003505	-0.459252239	0.164450307	-0.017020432	0.408137552	0.012719263	-0.074065032	0.431102471	-0.133745311	0.874570984	-0.304621232	0.085590932	0.332027729	0.05797351	0.013222791	1.000830381	-0.448386068	0.212483025
1.653844933	-0.037881856	0.232850836	-0.307349686	8.2	0.87843511	0.311649441	0.019876748	0.72310442	0.036550471	-0.066925826	1.055740518	0.987661381	0.788300419	-0.210960134	0.085355796	0.18280001	-0.048823922	0.237920494	-0.072320507	-0.003115515	-0.064390128	1.064786831	0.230362143	-0.243215997	0.556208001	-0.109572379	1.109696635	0.057949126	-0.136481694	0.190243506	0.246776101	-0.097467541	0.705705926	0.133663937	0.310217323
1.521250979	0.231139499	-0.091447113	0.249493517	8.016666667	0.867097219	0.114501002	-0.132199889	0.771920207	-0.054851014	0.315866931	1.113774878	0.842340717	0.588943306	0.120081593	0.120308709	0.062557869	0.033695968	0.340551792	-0.392360826	0.216553552	0.033823356	1.247261295	0.177435126	0.135377135	0.229291517	0.291303677	0.652517695	0.18518406	0.133014707	0.210044577	-0.055381152	0.267932082	0.866219828	0.10013283	0.275215243
1.530129259	0.228700009	-0.125433616	0.155503239	7.366666667	0.620928035	0.063244303	-0.229508244	0.555702334	-0.008236727	0.651417972	0.223040977	0.3013626	0.711947503	0.158417449	0.294714956	-0.132196755	-0.01728204	0.040770196	0.144645159	-0.020188524	-0.049967018	0.640753538	0.023035524	-0.046978478	0.049862115	0.09544213	0.565923157	0.270967748	0.286924088	0.165502119	-0.06928594	0.305856123	0.420949971	-0.23351567	0.464850012
1.476993997	0.177444339	-0.132142481	0.596913753	7.116666667	0.722478017	0.176697357	0.111922762	0.750367255	0.067838892	0.421771656	0.069892854	0.121983037	0.454187822	0.099626726	-0.390220816	0.148760944	0.026321061	0.283681936	-0.237423926	0.270477049	0.174292419	0.58913644	0.247458553	0.071411895	0.349843139	0.11902295	0.890627793	-0.099865273	0.214460325	0.267251717	-0.100396867	0.480793633	0.907887843	0.036197321	0.318599562
1.465656355	-0.003512516	0.077666795	-0.15071816	8.083333333	0.60615162	0.081449393	0.104773176	0.766623588	-0.049103085	0.030097397	1.331609476	1.219558852	0.862819356	-0.060457438	0.479115245	0.138192668	0.105777098	0.123172238	0.255933144	0.177472717	-0.01391152	0.815237655	0.249518958	0.02790567	0.374124371	0.272608385	0.696836208	0.124296266	-0.047969083	0.192985748	0.093697163	-0.033717535	0.980318815	0.154884886	0.251014406
1.436053557	0.15926806	0.280601759	0.164853857	7.866666667	0.656455703	-0.115778933	-0.013151076	0.640283145	0.034312181	0.409792663	0.156789592	0.196183502	0.861149927	0.252981037	0.322760413	0.137423692	0.039338677	0.22211363	0.427815339	-0.034499692	0.050149573	0.70912444	0.065618445	-0.108273971	0.268875142	-0.109292273	0.959456613	0.286436502	0.279780077	0.323627275	0.294423218	0.372979392	0.675888865	-0.279679258	0.549588372
1.314965163	0.159303618	0.148833496	0.004493157	7.866666667	1.128616828	0.032045999	-0.009239731	0.563866433	0.071787195	0.115647614	-0.00513698	0.034689376	0.842273869	0.053138595	0.300253739	-0.005812589	-0.027980172	0.222886272	-0.01712624	0.067999599	0.196155908	0.57155072	0.239756995	0.141994973	0.540716659	0.443962506	0.513221898	0.035193655	-0.075082538	0.23272254	0.151605697	0.254931721	0.859184696	-0.099141311	0.385242483
1.617753236	0.036831622	0.121380633	-0.13095683	7.466666667	1.138539209	0.258551505	-0.092931766	0.720813543	0.015626423	0.144212731	0.300815076	0.335902651	0.70862797	0.016729982	0.304387253	0.12667963	0.004402053	0.106012835	0.031416471	0.087943995	-0.115888346	0.979091208	0.144480964	0.16480035	-0.111744078	0.109610022	0.688570801	0.095501389	0.023655458	0.22748345	0.186069551	0.132528994	0.77797363	-0.176601178	0.318166234
1.493437145	0.010085912	-0.025304743	0.008476732	8.233333333	0.644203539	0.130303626	-0.138777934	0.735866981	0.04771596	0.103486674	0.779686454	1.092140749	0.973119848	-0.023658643	0.065351268	0.24570893	0.052656543	0.307350932	-0.234377331	0.178925919	0.048094312	1.13084193	0.31038926	0.198342318	-0.032391745	0.058005573	1.24583439	0.144410634	0.046552187	0.210790083	0.039031097	0.238404998	0.908079216	0.113021757	0.391418901
1.56043456	0.131861777	-0.514775326	0.060909764	6.866666667	0.573890849	0.139788576	-0.179396423	0.556842519	-0.048033485	0.364333343	0.062505419	0.178005261	0.053946314	0.222241816	0.109696974	0.079467253	0.159184755	-0.008676079	0.055465569	0.05774256	-0.08662233	0.723513524	0.038072198	0.077160756	0.148729259	0.274141848	0.437588433	0.006621238	0.242422598	0.132519565	-0.434108576	0.17563137	0.351004556	-0.193326088	0.411624018
1.611533553	-0.669357258	0.035856487	-0.258079198	9.25	0.369347057	0.317222415	0.163085036	1.02165347	0.021776877	-0.221579901	0.530905076	0.449923559	0.856424333	-0.858849534	0.49801752	0.114173235	0.130349283	-0.249230907	-0.51036325	0.241215018	0.06121578	0.524769283	0.277097517	-0.033700355	0.600692895	-0.346273669	0.659511317	0.282166738	-0.10702476	0.306179424	0.058823485	-0.288185621	0.487983247	0.083017083	0.226140615
1.637545137	0.290906481	0.398236855	-0.052777541	7.4	0.189408948	0.034778836	0.07412707	0.539643162	0.141422971	0.273720695	0.630440387	0.637754942	0.895553938	0.220640072	-0.152488298	0.116230519	0.153423253	0.040143041	0.026953683	0.220933572	0.316262191	0.513039058	0.155501444	0.373628356	0.348061287	-0.355944468	0.951773623	0.327811693	-0.114802439	0.015153299	0.26011466	0.32328245	0.70008844	-0.141095139	0.245521753
1.466261964	0.151049009	0.109057563	-0.037675123	7.516666667	0.418646342	-0.104143051	-0.243450136	0.577131102	0.14365024	-0.27495857	0.646691292	0.572359219	0.60580657	0.015000965	-0.578744636	0.14189746	0.049399928	-0.020783411	-0.075318928	0.238469344	0.104680276	0.934004894	0.239947993	-0.015718338	0.174209605	0.121365212	0.382692961	-0.184221335	-0.035787338	-0.006896092	0.136493104	-0.096078631	0.270388664	0.090143278	0.264537138
1.641806343	0.124773584	0.278576256	0.02594963	8.133333333	0.708763176	0.217760829	-0.00219963	0.894126883	0.015687864	0.31341142	0.555547832	0.596340982	0.857930958	0.193699889	0.379296214	0.199393941	0.067366853	0.022646251	0.037596371	0.081309035	0.248953564	0.729146174	0.124818481	0.242458533	0.31696675	-0.270259786	0.950264475	0.154231088	0.090485154	0.195621376	0.283293305	0.144716099	0.448112481	-0.022094342	0.383702103
1.492918533	0.197083694	0.168797084	0.260583047	7.216666667	0.236016984	0.076082752	0.063467008	0.567137735	0.128783661	0.291181451	-0.230483552	-0.141292587	0.840876873	0.190360359	0.212678783	0.247103555	0.18381469	0.290024061	-0.285588292	0.212573544	0.23906156	1.112537513	0.113719745	0.379523366	0.498974736	0.110164564	0.963518627	0.122658927	0.161512381	0.2031633	0.166620813	0.308510414	0.574169324	-0.443697983	0.4064893
1.477921051	-0.30051813	-0.076044052	-0.262382571	7.333333333	0.371562203	-0.026271726	0.088120284	0.744653217	0.049977162	-0.454669531	0.32129155	0.388088246	0.804082214	-0.496499731	-0.26440659	0.04383829	-0.165096641	0.082405393	-0.179357652	0.210808784	-0.012423287	0.155693562	0.325848435	-0.271051844	0.12472891	-0.351826657	0.593124061	-0.326936367	-0.395172778	0.299134109	-0.093584454	-0.399030983	0.300268705	0.219679654	0.467070496
1.671899583	-0.570306222	0.347683733	-0.176884969	8.833333333	0.024374587	0.299988101	0.31618339	0.690986775	0.11667321	0.048544813	0.220127063	0.267825328	1.349279899	-0.563906677	0.354426172	0.324618938	0.237251625	-0.09215119	-0.608659656	0.362469695	0.143768616	0.65450079	0.43457914	0.259865841	0.285294249	-0.340634548	0.621098264	0.30455928	-0.01940812	0.314018329	0.352523201	-0.2451788	1.001828368	0.167256406	0.230160263
1.363386346	0.005481562	-0.057952353	0.34811438	6.15	0.554796788	-0.131559144	-0.476943728	0.39627852	-0.034374415	0.370920567	0.568738464	0.551844155	0.337027864	0.231792945	-0.424592346	-0.073076548	0.010747837	-0.008953102	-0.239735023	-0.182256381	0.017563951	0.396405694	-0.003417716	0.147618681	-0.82626511	0.124873593	0.581621476	0.133627373	0.150199933	-0.310195375	-0.052921679	0.166649315	0.298763648	-0.270453517	0.279983901
1.436012654	0.027369231	-0.169525132	0.117307973	5.583333333	0.214668402	-0.082031519	-0.246262724	0.246435336	-0.084046782	0.241534837	1.093208281	1.133588049	0.421594473	0.045408761	0.216982241	0.026560528	0.109111524	-0.201635957	0.548414163	-0.071881808	0.088643229	0.22808101	-0.012293183	-0.161101584	-1.038748525	0.09444177	0.435771823	-0.047192438	0.142745817	-0.343197396	-0.141672037	0.047960068	0.446949434	-0.241264814	0.270180975
1.418083989	-0.16162798	0.121092244	-0.112886708	5.8	0.408169769	-0.035181804	-0.089721967	0.415485205	-0.046238705	0.204109141	0.527893186	0.547311194	0.575637949	-0.079487812	0.148920459	0.0487283	0.095943708	-0.281671889	0.391241307	-0.237601694	0.020181568	0.232369501	0.090386036	-0.324991229	-0.956596112	-0.224096152	0.796645154	0.010387534	0.107589309	-0.076439002	0.126304581	-0.01608632	0.635753692	-0.061414616	0.121948518
1.510751524	-0.075415424	-0.108024242	0.057811195	5.8	0.882578511	0.081560532	-0.235307484	0.383988818	-0.115074348	0.443332098	0.714881412	0.700458988	0.4980508	-0.055411947	-0.107027358	-0.148057652	-0.049007302	-0.198307868	0.029123197	-0.156217071	-0.324714316	0.184492569	0.056965278	-0.066775519	-0.558198171	0.345379077	0.472795245	-0.23228172	-0.037814986	-0.282036809	-0.098372492	0.132976087	0.273145808	-0.246850186	0.237472135
1.25354741	0.041208467	-0.100490502	0.113731161	7.398376068	0.442461157	-0.110424057	-0.1636173	0.423407343	-0.010036052	0.133542053	0.537340324	0.47453377	0.627938793	0.095435928	-0.198898244	-0.115971275	0.057968703	0.033782833	0.104011861	-0.028505965	0.026727006	0.595655875	0.087126599	0.110561556	-0.582203897	0.003660434	0.699922244	-0.018576179	0.1353629	-0.292948734	-0.084188087	0.159474498	0.47100567	-0.151460279	0.429171891
1.489807382	0.065320392	0.045725379	-0.278496641	5.516666667	-0.068485897	0.051825413	-0.394904618	0.264235853	0.025938968	0.065875677	1.167464482	1.120865018	0.69322331	0.037234749	-0.096268413	-0.063449508	0.078555942	-0.157931012	0.210642706	-0.054379673	0.029800192	0.158768072	0.089018523	0.041883257	-0.692802338	0.120902745	0.724974317	-0.166977954	-0.259884462	0.000323736	0.05381691	0.071410093	0.518706548	-0.206178347	0.297689957
1.421534394	-0.098523396	-0.083496138	-0.676439343	6.116666667	0.548061191	-0.140135005	-0.273263209	0.468018567	-0.103181523	-0.203106916	0.400378553	0.361038523	0.439753355	0.144660301	-0.122094174	-0.174466518	-0.111720513	0.103811637	-0.220715169	-0.091517793	-0.310475021	0.501160075	0.017186042	0.363827939	-0.530390422	-0.019909646	0.661230927	-0.010344268	-0.385438705	-0.020829046	-0.078799357	-0.045962959	0.22349894	-0.284951636	0.377085928
1.358041341	-0.074199688	0.161990972	-0.047582091	7.833333333	0.310843195	-0.031928518	0.029592248	0.596861246	0.069932492	0.491469997	0.790593125	0.734114698	1.054528132	-0.034303108	-0.276549031	0.229384785	0.019704697	0.286800478	-0.014919436	0.241803885	0.394412227	0.813369517	0.086815445	0.134999377	0.617097482	0.191615886	1.094031339	-0.005622768	0.212671259	0.264900887	0.201645115	0.104741549	0.717132034	0.00559107	0.212536172
1.462797074	0.279589902	-0.043391947	-0.314132827	6.333333333	0.618013775	0.065686586	0.122732609	0.554176639	0.101360332	-0.148287969	0.983084718	0.964887306	0.313486971	0.274364736	-0.124557682	0.017233548	0.054691566	-0.078163253	0.079876877	0.311126286	-0.099408848	0.527049699	0.34947343	-0.121609645	0.135779211	-0.293435017	0.91440235	-0.322271993	0.054740085	0.019447529	-0.045609227	0.092118009	0.318721734	0.09909469	0.40798707
1.606344069	0.352180096	0.3838407	-0.079869809	8.066666667	0.682880695	0.203988489	0.034076218	0.73680223	0.080379992	0.389233425	0.773438742	0.73030957	0.981391909	0.354111825	0.092670782	0.361545261	-0.002041468	0.415490732	-0.281216346	0.134675721	-0.058151779	0.877626859	0.153802985	0.331989756	0.434083137	-0.035872112	1.20691331	0.060254791	0.093123677	0.308164686	0.41719379	0.288717438	0.905475035	0.042571968	0.518147609
1.465167621	-0.15321835	0.117256096	-0.3433792	7.65	1.026303943	0.07764886	0.186528775	0.738300239	-0.04038516	-0.187394218	1.049368796	0.982733352	0.750225856	-0.102705512	0.24056935	0.047060758	0.021564909	0.307621636	-0.089876276	0.197643984	-0.095240735	0.716872243	0.271742917	0.140123948	0.170294181	0.187313138	0.895049248	0.249989826	-0.047769356	0.209359531	0.133059017	-0.106031894	0.862679625	0.240425276	0.230947941
1.420596803	0.101643476	0.080956549	-0.176970769	5.166666667	0.752306233	-0.105139956	-0.268875975	0.47696597	0.123249978	0.121816217	0.962920023	0.944834347	0.669534388	0.073494598	-0.225782944	0.155109	0.059995136	-0.07285427	-0.211842193	0.056191402	-0.325768442	0.334939084	0.044692404	-0.014153386	0.103653454	-0.165792152	0.70179799	0.207783206	-0.207952718	-0.170826432	0.073030845	0.073479258	0.45707043	-0.162808844	0.355138503
1.645011857	0.311988105	-0.09571727	0.536277354	7	0.78251548	0.050431017	-0.179512665	0.654093077	-0.234432543	0.24374309	0.190621195	0.167530969	0.107376018	0.228110884	-0.103920745	0.214660446	0.046709687	0.224127536	0.074895116	0.179825175	-0.041118797	1.119213446	0.002503381	0.364070168	0.545233114	0.325550679	0.707784413	0.179734245	0.179314177	0.11394864	-0.080139522	0.306956133	0.126844396	-0.422729445	-0.003076946
1.713577085	0.188296784	0.10026762	0.47669605	7.283333333	0.838816129	0.289474948	-0.043561671	0.434072371	-0.010407325	0.188443654	0.163434558	0.18617705	0.543394714	0.29907153	-0.213743657	0.351979603	0.101851387	0.145185774	-0.087990894	0.276807847	0.075864615	0.772860999	0.04839366	0.306894603	0.401474646	-0.02123206	0.852927827	0.373637438	0.14643652	-0.024080132	0.147110021	0.320237363	0.259810316	-0.136013096	0.141879507
1.423255453	-0.043968323	0.076534465	-0.257276578	6.3	0.472792766	-0.150075732	-0.214613729	0.427535941	-0.115844798	0.050656502	0.755988741	0.828853484	0.638731856	0.142021885	-0.212717023	0.073889699	-0.054642824	0.056526533	-0.065955111	-0.049790236	-0.170566972	0.908005096	0.018722912	0.10566052	-0.262271876	-0.203874504	0.602391925	0.351133095	-0.14076627	-0.176958794	0.083472438	0.037623685	0.19674527	-0.222074364	0.17781373
1.598421125	0.17485153	-0.246536386	-0.124220694	6.3	0.539985303	0.051554806	-0.244146608	0.426686056	-0.056138275	-0.302254848	0.844298567	0.828783106	0.152253742	0.298216347	-0.115552086	0.051960256	-0.054670859	0.139945584	0.139460665	-0.064769185	-0.147914869	0.988799328	0.011981904	0.351219276	0.190067071	-0.430559127	0.721197209	0.115565731	0.155156767	-0.117843101	-0.228816832	0.226651029	0.445947804	-0.328782949	0.331480717
1.531200247	-0.353784012	-0.013775397	-0.253635332	8.2	0.814427985	0.139519568	0.10416359	0.834926493	0.018150966	-0.093488643	0.651814394	0.689127834	0.950856069	-0.339841749	-0.062802844	0.031124199	-0.059951535	0.143909261	-0.163713375	0.325233476	0.121092943	0.865514561	0.14503448	0.065047937	0.436671071	-0.107683423	0.877928876	-0.168502773	-0.089640518	0.068035843	-0.024655514	-0.165642422	0.80112622	0.040830887	0.179710888
1.572881171	-0.010394008	-0.022416171	0.25396074	8.816666667	1.000199516	0.177555791	0.072058999	0.80704206	0.066482585	0.484145218	0.929719415	0.91035566	0.83606164	-0.081806668	-0.232412253	0.228867022	0.091706677	0.27424127	-0.499422511	0.322578286	0.124280487	1.217939993	0.312625077	0.043784308	0.466359424	0.080084823	0.791110586	0.270087141	0.321780541	0.260762953	0.027672889	0.125346811	0.731400904	0.236435986	0.429573824
1.646345331	0.028413261	0.332439785	-0.158976607	6.816666667	0.433582785	0.166151862	0.198321769	0.6315857	0.257470865	-0.135879701	0.183828795	0.169516484	0.892693609	0.086041101	-0.338645313	0.15829929	0.015903646	0.262933726	-0.231438519	-0.06571054	0.146409634	0.838654261	0.25744728	0.090608194	-0.065278037	0.245442399	1.021759673	-0.065394532	-0.115370523	0.020508272	0.366022403	-0.049468538	0.8531678	0.215490674	0.389918028
1.630678611	-0.151821588	0.046781559	-0.359530869	8.033333333	0.805352953	0.179934469	-0.157714301	0.547377785	-0.117369654	-0.049741965	0.826607976	0.909054305	0.675658584	-0.15425498	-0.015662465	0.064709007	-0.031348353	0.158470223	0.114252737	0.215017102	0.009888798	0.628701571	0.155842157	-0.070885203	-0.044571147	0.097666522	0.506702524	0.057060118	0.001115433	0.199020071	0.07282863	0.020166607	0.403645485	0.026500858	0.102036136
1.66618966	-0.226233904	-0.464980799	-0.271924079	7.866666667	0.53566129	0.180835987	0.218394894	0.615273759	0.02271787	-0.249946182	1.049986412	1.021419501	0.233339098	-0.228127033	-0.052436657	0.005044476	0.203516487	-0.097626211	-0.056672628	0.196550568	0.093272827	0.044105463	0.31880576	-0.344523485	0.340536678	0.001022584	0.686145725	-0.367172152	-0.037483518	0.033324216	-0.436655673	-0.088376737	0.458691281	-0.010641447	0.39088912
1.451966001	-0.072446354	-0.009362199	-0.150982131	7.466666667	0.480312129	0.05024904	-0.035997597	0.515645471	-0.003834232	0.044901521	0.765696082	0.841988419	0.745407372	0.11909046	-0.317152102	0.134850071	0.051716691	0.288053545	-0.545333381	0.241920227	0.095228492	0.906415844	0.047240728	0.271415049	0.058670442	0.072839937	0.687874615	-0.119265865	0.008564437	-0.049988699	0.009915133	0.079031337	0.555687044	-0.21529104	0.165020838
1.72175481	0.080728586	0.41868955	0.358013774	12.01666667	1.009565452	0.212846799	0.225141899	0.797904778	0.242401805	-0.185896618	0.218947151	0.28813778	1.186591088	0.35304257	0.26980411	0.238988845	0.136353708	0.128326792	-0.018441473	0.13392249	0.30981591	0.637752886	0.123315049	0.357357293	-0.008220899	0.393513939	1.213605361	0.170401085	0.096848938	0.327798369	0.242016966	0.252628395	0.258317317	0.134938367	0.085267953
1.235376235	0.071479697	0.167589969	0.293610694	6.4	0.705221733	-0.104771545	-0.259065364	0.552391381	-0.027326858	0.413443933	0.147672824	0.198953308	0.516094035	0.187256857	0.010766697	-0.018786844	-0.082764272	0.037400411	0.369810208	0.00247722	0.000888483	0.827953695	-0.137798048	0.232597383	-0.42301972	0.096635776	0.639378743	0.139285852	0.061161104	0.01516578	0.156467917	0.338937118	0.658369996	-0.004820263	0.290534605
1.569832557	0.289155807	0.343415744	0.333197322	11.58333333	0.440618447	0.268546848	0.228831285	0.790246354	0.01330317	0.169360298	0.203950827	0.310671375	0.88716861	0.383158258	0.17245818	0.234947634	0.049399928	0.256780572	0.058654979	0.125265043	0.379837292	0.619363835	0.123315049	0.281070909	0.443078433	0.308252252	0.832479501	0.328786165	0.061397348	0.394992729	0.228799566	0.25949133	0.316020334	0.117014861	0.457477956
1.57002155	-0.038659014	0.213062979	0.020879139	8.983333333	1.002664139	0.133914998	0.015196231	0.537930982	0.008951686	-0.274109609	0.377277508	0.463209524	0.713446915	0.108542209	-0.274333523	0.1348868	0.099935295	0.280639413	0.129518608	0.276161078	-0.032649046	0.66749752	0.400780944	0.23306936	0.303264384	0.424076916	0.693340326	0.173653488	0.135992319	0.146392984	0.08487708	0.052983019	0.231922239	0.153065783	0.193428551
1.582956039	-0.016595039	0.062699868	0.016638207	9.433333333	1.02534621	0.135972649	0.052958826	0.422059519	0.157045647	-0.413420116	-0.350898993	-0.312846834	0.655030255	0.04075161	0.296606851	0.200537523	0.138717483	0.123211688	0.092443263	-0.124013036	-0.01783401	0.81111107	0.235681818	0.027688965	-0.353778616	0.112231689	1.11794706	0.147676208	0.175963166	0.299632561	0.062275485	0.081655688	0.148809344	0.182064127	0.477522499
1.662544551	-0.329847126	0.29883346	-0.385812256	8.266666667	0.382448874	0.256985985	0.078788492	0.788127037	0.046468633	-0.079168325	1.013378494	1.290799196	1.028138264	-0.357308661	-0.221429844	0.210011827	0.080573413	0.176680839	-0.061186462	0.353998647	-0.01167582	0.973817899	0.209898528	0.227999998	0.407195319	-0.294906024	0.755066878	0.162924685	-0.076043524	0.152402881	0.295592282	-0.065627311	0.819860555	0.107305702	0.306748573
1.606845832	-0.056934526	-0.104367195	-0.067768954	7.866666667	0.282289256	-0.142405928	-0.144705484	0.695970323	-0.045801326	0.131146545	0.333212154	0.346316912	0.684494889	-0.190527183	-0.229921704	-0.07577427	0.136821236	0.032256444	-0.264004776	-0.133494003	0.068670252	0.274931967	0.103446666	-0.122816656	-0.730109725	0.357525131	0.547235668	0.167116899	-0.161967387	-0.189557579	-0.07929099	-0.110476701	0.476770714	0.022064288	0.163903043
1.652555041	-0.489371745	-0.204056927	-0.156041696	8.327658974	0.607388085	0.152098017	0.020727508	0.653303183	0.079520973	-0.537202283	-0.200498536	0.019080352	0.270940615	-0.375271114	0.019534837	-0.036938834	-0.042177895	-0.003200166	0.012332852	0.247364315	0.013164429	0.422125548	0.166614726	-0.246240677	-0.142842691	0.112639027	0.653894881	-0.052031895	-0.171242941	0.138036902	-0.167042994	-0.177450597	0.503874355	-0.103663433	0.299840626
1.315778662	0.216019903	0.279123428	0.070038041	6.783333333	0.757932681	-0.100565338	0.18240803	0.678930624	0.10476648	0.284329384	-0.379347809	-0.342390689	0.689458863	0.438468058	-0.269340753	0.095766345	0.177069692	0.277625831	0.205680268	0.145693567	-0.149025425	0.82953662	0.230726947	0.331029206	0.158996084	0.426561011	0.812832223	0.175072184	0.378274958	0.365757155	0.329680921	0.399420309	0.302851429	0.082110364	0.247245946
1.351465705	0.252115328	0.021100709	0.040932325	5.266666667	0.761472805	-0.188543543	-0.388726094	0.248463748	-0.038413927	0.274667443	0.523530724	0.431948634	0.45680945	0.292310656	-0.345643875	-0.058784168	0.05961273	0.160846544	-0.020319147	-0.054411209	-0.253161539	0.828513413	-0.076369548	-0.025116476	-0.998153163	0.311959059	0.556699456	0.090083997	0.170480658	-0.310553384	-0.016929497	0.153736336	0.135339063	-0.215666698	0.238679338
1.572998378	-0.390940306	-0.151195991	-0.342852273	7.3	0.58807268	0.069836924	-0.033573321	0.750534036	-0.014146722	-0.315468623	0.682525413	0.750790189	0.838030636	-0.371619832	0.347719659	-0.182621176	-0.026599692	-0.086278605	0.367372892	0.117851726	0.151705447	0.4196436	0.178905164	-0.148893527	0.049742883	0.084347709	0.449046968	-0.018888551	0.046333905	0.088364112	-0.149017145	-0.027927193	0.601564924	-0.126527308	0.204739772
1.716233337	0.368835569	0.11866013	0.198138456	7.266666667	1.012537212	0.273760086	-0.328657293	0.686486085	0.025342007	0.4274786	0.191774955	0.35233813	0.640513936	0.217882947	-0.097629102	0.212027324	0.080088552	0.381354135	-0.096426621	0.247710617	-0.007249624	0.553063209	0.113800891	0.232383198	0.217985264	0.370999269	0.753451622	0.039518339	-0.120307864	0.266061109	0.11839206	0.234605405	0.541779084	-0.190097093	0.361443384
1.552372208	-0.146763441	0.115993598	-0.265252767	8.283333333	0.69608938	0.187388181	0.077948374	0.867422476	0.082718816	-0.328397708	0.618306033	0.601414371	0.889401955	-0.0676939	-0.016104757	0.178823352	0.014475563	0.112756662	-0.113509321	0.434206469	0.074318702	0.360333621	0.171292782	-0.109010976	0.21647605	0.075598919	0.553458034	-0.124302868	-0.321311021	0.201499134	0.124911227	-0.1734463	0.704759967	-0.001271524	0.141639216
1.224763697	-0.215200547	-0.386004146	-0.312202945	6.783333333	0.965307272	-0.275509707	-0.191534036	0.623647367	-0.041730289	-0.187648851	1.03600273	0.851411883	0.24691287	-0.045467214	0.00813902	-0.397950436	-0.108565846	-0.322208436	0.175894148	-0.245321733	-0.148445935	0.212344369	0.054120518	-0.306872958	-0.257370188	-0.212841072	0.659313649	-0.011442783	-0.29973204	-0.012470885	-0.324324853	-0.137666717	0.763578471	-0.45679678	0.328016514
1.450641453	0.063156249	-0.262187625	0.224925044	7.416666667	0.7633479	0.02376591	0.148323353	0.89078131	-0.096511101	0.326652552	0.456772685	0.495837373	0.070265536	0.268277354	-0.135104747	-0.064760534	0.104382429	0.114957697	-0.162915071	0.224346494	-0.221714784	0.800194418	0.115973693	0.384011754	0.214052424	0.094252138	0.725821606	-0.353588883	0.409474949	0.332873582	-0.122450895	0.064169886	0.386781958	0.000140518	0.13961342
1.568629551	-0.383459131	-0.115199829	-0.448812488	8.216666667	0.713553998	0.109391172	-0.016854145	0.814261745	0.107907733	-0.007167625	0.793250272	0.763865481	0.748309119	-0.226077072	0.102688693	-0.039218639	-0.018587776	-0.062207273	0.084314626	0.084786392	0.324785178	0.168117655	0.053913379	-0.222421977	0.077016288	-0.465723451	1.019611574	0.193901271	-0.241097996	0.232886232	-0.119009139	-0.132433601	0.451315496	-0.076027043	0.238345162
1.557271086	0.27468761	0.202304851	0.399887479	6.666666667	0.480467815	0.144393535	0.13079982	0.630825171	0.224622127	0.378219708	0.400162964	0.476187927	0.57866323	0.188388839	-0.183907559	0.20519345	0.049399928	-0.007872529	0.21896497	0.277815377	0.172502709	0.267323725	0.35127285	0.243324802	0.282253788	0.195419351	0.590216185	-0.03786799	0.366937278	0.226313146	0.257948385	0.285068894	0.558122742	0.132274903	0.433362058
1.556992576	-0.239761916	0.006104684	-0.307924004	7.266666667	0.357500133	0.068322941	-0.032653368	0.807359947	0.061446122	-0.166717545	0.827282803	0.855823982	0.653555544	-0.210858768	0.36769444	-0.07541677	-0.109730707	0.062328678	0.109165022	0.077972691	0.271273823	0.272440927	0.166038962	0.039411514	0.112799525	0.044745049	1.092044295	-0.22082553	0.025809783	0.279736247	0.021945152	0.024677111	0.874090726	-0.157627848	0.505102208
1.486758543	-0.088240253	0.102275095	-0.337445264	6.416666667	0.323326828	0.00139489	-0.164616652	0.542858902	0.000171336	-0.100641693	0.895965746	0.895970993	0.756646477	0.070086946	0.404949415	0.011094327	0.019305832	0.165330545	0.105434273	-0.004938767	0.183344355	0.329706213	0.134693952	0.107265824	-0.181811733	0.113706528	0.652702648	-0.186465185	-0.152000363	0.000236712	0.099459273	-0.005823863	0.668552128	-0.147183397	0.422929497
1.332725792	0.084905399	-0.125472391	0.30376718	6.5	1.100291869	-0.176339692	-0.191825573	0.515115856	-0.117845245	0.381746029	0.610023198	0.643563396	0.168684322	-0.022708656	-0.26614925	-0.220242036	-0.138579844	0.061116742	0.017414361	-0.036932256	-0.0739137	0.708253909	-0.00202596	0.003011872	-0.824537038	0.285421518	0.556476388	0.037549342	0.22966676	-0.15136746	-0.117377897	0.225604631	0.475552001	-0.312918739	0.287654977
1.55776988	-0.074893407	-0.129686201	0.076582971	9	0.275877959	0.176006612	-0.054137292	0.82728485	0.06456243	-0.034653256	0.965475068	0.923730268	0.57996706	0.182052521	0.38711404	0.137522171	0.194505221	0.286679829	0.260170019	0.366910997	0.204349332	0.575581767	0.258588207	0.341137999	0.091931734	0.207257963	0.451693283	-0.187199897	-0.06381379	0.227415593	-0.040689774	-0.00706126	0.178433422	0.216823486	0.190838699
1.728345169	0.024889767	-0.165989031	0.057548801	7.116666667	0.499813068	0.278607034	-0.201885852	0.656621384	-0.012299062	0.028222363	1.304843994	0.713499044	0.54560572	-0.125039733	-0.03417425	0.115521574	-0.045793664	0.232697259	-0.528498718	0.171287619	0.34876056	0.992931512	0.199253684	0.023029816	-0.202499494	0.110797413	0.617323061	0.127128958	0.270045179	0.185980142	-0.140866721	0.116341913	0.713692025	0.372624503	0.142728721
1.371473591	-0.292325696	-0.033924045	-0.456882999	7.416666667	0.481048951	-0.142929293	0.107577254	0.61521494	-0.134876777	-0.211668585	1.014422532	0.991009404	0.843929068	-0.095048761	0.317968075	0.137825746	0.105037081	-0.003025478	0.311633138	0.116637051	-0.0854262	0.694516408	0.067317372	-0.063551188	-0.04534587	0.116901123	0.435469372	0.115402884	-0.148698513	0.082967202	-0.017569026	-0.184892627	0.546716508	0.05104613	0.131593067
1.658829412	-0.153477363	0.044631856	-0.3348122	7.398376068	0.557102232	0.257256229	-0.348226861	0.701658594	0.036343682	-0.086236616	0.878288858	0.874460209	0.585743251	0.184536672	0.058226239	-0.120082124	0.067309637	-0.181482423	-0.146807827	0.1773612	0.020565724	0.012236456	0.344415779	-0.245265367	-0.180283561	-0.095512393	0.97443429	0.133521645	-0.189963214	0.111140814	0.054497051	-0.229823183	0.644274769	0.220224689	0.246400657
1.711827739	-0.17586319	-0.11285785	-0.359512864	6.566666667	0.641620402	0.26393015	-0.060181112	0.745788975	0.126724225	-0.7641289	0.91834666	0.871983038	0.438384919	-0.297155035	0.220657081	-0.000259771	0.057810282	-0.163800713	0.385891039	0.096610306	0.181797432	-0.065555083	0.127999898	-0.091244713	-0.173249815	0.270171397	0.993083077	0.224248983	-0.118536503	0.25543253	-0.093883057	-0.160008179	0.642746127	0.168434061	0.618544974
1.404351622	-0.110571873	-0.19048924	-0.375751327	6.7	0.68700598	-0.134760385	-0.116470101	0.675053332	-0.025623474	-0.162691999	0.409819988	0.39080037	0.18898588	-0.066701444	0.045531236	-0.131372715	-0.169534998	-0.045097432	0.068118811	-0.067651445	0.036415626	0.230500753	-0.108554183	-0.247594601	-0.49537878	0.00147959	0.795565441	-0.141604463	-0.213569952	-0.055333023	-0.173772306	-0.027209175	0.395407412	-0.252665731	0.436438947
1.686583673	-0.068289471	-0.064274954	-0.053287851	6.766666667	0.426354848	0.080493596	-0.302628415	0.658156825	-0.150392855	0.004232125	0.353713956	0.471055224	0.453646936	-0.037149808	-0.212009209	0.06970728	0.181357415	0.202259154	-0.01696525	0.172066252	-0.282082527	0.858583036	-0.053422859	0.247003516	-0.506160055	0.302810535	0.267542631	-0.398364851	0.013010226	-0.054592071	-0.050911271	0.048883833	0.156883315	0.073077671	0.25765346
1.427061389	0.027769572	-0.21064186	-0.419212419	5.433333333	1.049206415	-0.005753716	-0.445731315	0.264629028	0.004977349	-0.176046842	0.63748299	0.923543052	0.163344983	0.087400833	-0.302288172	-0.238395982	0.062490519	-0.159549594	0.055336569	-0.012094369	-0.391448279	0.321048258	0.012984703	-0.325321692	-0.677010181	0.065166585	0.543533258	0.027363204	0.072802052	0.015772311	-0.210006206	0.064023039	0.746158727	-0.14230699	0.460000598
1.359204516	0.518414941	0.059689963	-0.199635364	3.95	0.393504878	-0.255263287	0.060777305	-0.046138703	-0.079072466	-0.247376239	-0.088451431	0.036500034	0.407900983	0.345998122	-0.69377706	-0.05235419	0.079219319	0.163174894	0.064676453	-0.096448239	-0.362111971	1.204666954	0.070911235	-0.127979677	-1.343775484	0.224509921	0.514888017	0.034045967	0.115765737	-0.742982383	0.084251116	0.290074214	0.141587103	-0.082413927	0.381293875
1.587124299	0.24638232	0.228573508	-0.577301222	5.266666667	0.677096129	-0.114633097	-0.139750759	0.243759502	-0.045252215	-0.413683097	-0.313771301	-0.256789202	0.588759079	0.0937136	-0.62644684	0.160768856	0.078210799	0.142853015	0.106124209	-0.094166065	-0.156844617	0.059707106	-0.015821298	-0.399364739	-1.00175384	0.17043311	0.268212338	-0.25327939	-0.419195394	-0.260723616	0.193171758	-0.03794773	0.706836046	-0.033134314	0.113596172
1.460990781	-0.038611121	-0.201288308	-0.21842388	6.466666667	0.52659478	-0.291549196	-0.283869058	0.566389738	-0.092964305	-0.187023489	0.181578499	0.252452655	0.244053327	0.145173177	0.232179766	-0.332622111	-0.146096909	-0.176314056	0.45909994	0.140015592	-0.122945061	0.140139261	0.083712485	-0.088696947	-0.651075263	-0.127250918	0.629179817	-0.108712944	-0.037842345	0.039645297	-0.210608845	0.137308225	0.340848723	-0.536900591	0.565260307
1.636133971	-0.138723165	-0.209008596	0.093322371	7.4	0.381493511	0.145108404	-0.121642668	0.865185114	-0.065101469	-0.004364674	0.407215662	0.489062744	0.116857943	-0.071677268	-0.137486018	0.005996693	0.128440873	0.139304122	0.184796477	0.285302518	-0.063873237	0.821870822	0.086161462	0.307815553	-0.270123477	0.236581418	0.195206718	-0.358085944	0.194756143	0.250143533	-0.177578258	0.10335961	0.125417978	0.170307594	0.156296154
1.365109619	-0.188730156	-0.177190376	-0.173198535	6.183333333	0.748551901	-0.09479738	-0.59019943	0.420958226	-0.008356092	-0.130904965	0.199039265	0.234978268	0.248073538	-0.051927423	-0.052744077	-0.240718488	-0.185256325	0.025892373	0.217537638	-0.141968847	-0.359387094	0.374415684	-0.093586364	-0.087888228	-0.694997992	0.088696514	0.482313002	0.063421041	-0.305478289	-0.027244188	-0.126384382	0.018745039	0.42261955	-0.282035832	0.491468523
1.565311509	0.282361499	0.218854925	0.034189613	8.6	0.773145896	0.244128805	-0.087958646	0.577844772	0.045628862	0.462982632	1.157009747	1.001265024	0.729599265	0.197189612	0.042778715	-0.001348543	0.056398476	0.190351887	0.14334723	0.13009688	0.102243284	0.723629655	0.091895209	-0.406110532	-0.088188648	0.298271393	0.902163815	-0.243221934	0.061397348	0.318726189	0.217819608	0.499091329	1.175011075	-0.083972132	0.502577714
1.389707834	0.221552129	0.064195479	0.119217457	5.666666667	0.309222749	-0.149848488	-0.369332289	0.306055872	0.010629553	0.304141339	0.311315512	0.346094372	0.563777079	0.087038166	0.190365404	-0.214315299	0.012907506	-0.030205775	0.103118603	-0.169700918	-0.203079457	0.495495682	-0.020934249	0.000260395	-0.805610806	-0.329244272	0.700770836	0.262849603	0.225998185	-0.583560829	0.05574382	0.359276301	0.462824352	-0.459958912	0.315264647
1.58966305	-0.354776285	-0.03833506	-0.492829222	7.8	0.659876447	0.148042136	0.042630016	0.720206457	-0.070402402	-0.558937336	0.790403861	0.839165996	0.744061693	-0.368022603	0.391837339	0.013912461	-0.071699372	0.096472823	-0.075883543	0.193053412	0.180646336	0.377219502	0.179058608	-0.2838536	-0.038317655	0.103698639	0.763521498	0.088104681	-0.166666287	0.121389495	-0.047342138	-0.148943391	0.67435919	0.037516129	0.090940519
1.620523	-0.397387287	-0.006434396	-0.366139608	8.166666667	0.663640237	0.166984514	0.102619676	0.781106062	-0.020226737	-0.451783454	0.754970859	0.769179936	0.808929992	-0.33243212	0.443540619	0.128910657	0.039701045	0.16137277	-0.06792632	0.314881389	0.261687273	0.551952549	0.20974757	-0.14564545	0.206461615	-0.009602861	0.887050748	0.125658812	-0.091423247	0.20736243	0.007750963	-0.081486115	0.901249705	0.059219931	0.167092916
1.517422236	0.092852334	0.044100608	-0.387289391	6.333333333	0.167853403	-0.000359747	-0.219115943	0.600783089	0.035242211	-0.026251225	0.613744217	0.620352352	0.740269787	0.062285535	0.075042672	-0.113893791	0.017473917	0.110972294	0.060885706	-0.06431193	0.225019136	0.540504736	0.066765744	0.190176278	-0.058137362	0.009494411	0.930500158	0.048895056	-0.051602908	-0.017506744	0.051613773	0.167962512	0.600649023	-0.256410802	0.215331742
1.373137734	-0.005675929	-0.300128725	-0.015507602	4.933333333	0.306479514	-0.139848052	-0.379383781	0.422802464	-0.092930652	0.060466709	0.542481831	0.395337057	0.183756123	-0.058824002	-0.431271312	0.128327651	0.144638653	-0.053873954	-0.120748384	-0.070942845	-0.218175613	0.768692879	-0.048321027	-0.128903754	-1.190738189	0.381437014	0.222616813	-0.313045075	-0.043731995	-0.309355776	-0.226952705	-0.056611027	0.168511445	-0.218491557	0.175913863
1.325529027	0.078202427	-0.036001178	-0.287376861	6.1	0.946891799	-0.258092462	-0.168805997	0.426047479	-0.099462686	-0.351466726	0.22929813	0.277876054	0.451266952	0.02641694	-0.492656143	-0.071404017	-0.081958643	-0.057287621	0.00725025	-0.109209421	-0.351232083	0.558775256	-0.053935893	0.222650891	-0.601632855	-0.092756961	0.496845714	-0.217366206	-0.18525713	-0.060343279	-0.020630214	0.122677436	0.153719048	-0.318904029	0.197420138
1.607070102	0.354789728	0.081216881	0.326538555	5.383333333	0.543371315	-0.001534889	-0.395612344	0.384665097	0.071385008	0.157150784	0.753542277	0.858819362	0.587022305	0.2678448	-0.049454549	0.130316523	-0.123914384	0.047420507	0.159010011	-0.19012176	-0.316527191	0.828695542	0.169228943	0.104143781	-0.666212195	0.263508411	0.469653986	0.080079637	-0.112217295	-0.063366558	0.064494568	0.130654934	0.388561406	0.023564951	0.554035428
1.176586754	0.298760002	-0.289978466	0.268799339	6.466666667	0.775877935	-0.379361775	-0.147500651	0.562022729	-0.079908422	0.25699579	0.588697617	0.597816866	0.140424061	0.244072422	-0.221994433	-0.019804361	-0.035813517	0.137992833	0.281709195	-0.087115595	-0.375930778	0.69503138	-0.007223523	0.282308064	-0.11152257	0.24241735	0.794447377	0.16811713	0.169699432	0.152518103	-0.168604857	0.303520671	0.416765797	-0.408755903	0.402677454
1.437951996	0.080768779	0.119773352	-0.138847161	7.35	0.420286764	0.12272502	-0.029815839	0.85466864	0.065338903	-0.002426099	1.08378017	1.132067198	0.789286643	-0.078531458	0.442824881	-0.10220758	-0.077320922	0.194109004	0.074221158	0.207030745	0.33656267	0.420335553	0.148155836	0.21484858	0.460706775	0.055879185	0.786266848	-0.078572295	0.218479696	0.352015951	0.123103458	0.235947099	0.875798145	-0.165228748	0.532876352
1.444908592	-0.043932051	-0.084217109	0.491627055	5.733333333	0.453496756	-0.264950457	-0.351806711	0.338041766	-0.133495932	0.57518546	0.456619329	0.464207232	0.396574515	0.065987417	-0.22738799	-0.060302722	-0.050367056	-0.067760016	0.44343991	-0.210373929	-0.123241631	0.395279028	-0.061297207	-0.076977978	-0.926693461	0.182045815	0.514535756	-0.040348958	0.176127045	-0.193487877	-0.075276497	0.174536741	0.278099003	-0.395755888	0.314671635
1.460748514	0.121429839	0.075925211	0.371152153	7.6	0.333746124	-0.161968573	-0.21973842	0.466852457	-0.036266498	0.383075012	0.517844242	0.517640692	0.484288086	-0.008896625	0.042137189	0.097015799	0.12216737	0.090523268	0.035762169	-0.024180477	0.108079171	0.847531329	0.126899825	0.183479387	-0.334503731	0.130751076	0.701695022	0.021336703	0.321100139	-0.037537479	0.064327884	0.328355191	0.651211158	-0.379061694	0.216502077
1.296404658	0.059450597	0.06363408	-0.106543735	5.45	0.407965979	-0.269039237	-0.268701742	0.323279245	-0.093890031	0.131330528	0.879354485	0.835219184	0.371342651	0.135203803	-0.51745785	-0.068294783	0.022703996	0.010926078	-0.198582313	-0.210660162	-0.102295673	0.222716062	-0.059649827	0.217127828	-1.196626731	0.103468536	0.487591043	0.188392352	0.043820041	-0.356962831	0.052501997	0.15751193	0.409271422	-0.218981696	0.069294493
1.650470681	0.238485802	-0.020591814	0.253850247	8.116666667	0.608481505	0.248459739	0.162866497	0.730853471	0.088291415	0.400301994	0.551615143	0.551813572	0.34364888	-0.065714646	-0.157593333	0.168127024	0.130088602	0.029368781	0.194276351	-0.11974498	-0.03458529	0.658825278	-0.013764808	0.167048075	0.370186177	-0.247213337	0.619086826	0.079592797	0.238294001	0.226180515	0.068127522	0.199594667	0.63506895	-0.116423798	0.335848502
1.60439714	-0.257106636	0.158588907	-0.33074775	8.466666667	0.801489267	0.109954963	0.184402205	0.79596918	-0.019198503	-0.017952742	1.321340779	1.308251025	1.0164379	-0.421275969	-0.187769355	-0.002658775	0.014651974	0.234856274	-0.14515485	0.206235305	-0.144091999	0.50379956	0.12486108	0.008136634	0.536216486	0.05647648	0.530231346	-0.075804871	0.019086509	0.212499983	0.151418178	-0.104652168	0.667264353	0.034724693	0.225788056
1.489646902	-0.150814347	-0.042214664	-0.055262501	7.916666667	0.540906275	0.060852914	-0.117194624	0.845518888	-0.034658462	0.126834029	0.86965341	0.844634757	0.659655585	-0.110086282	0.396357867	-0.150726131	0.011791385	0.131154367	0.24792799	0.237043853	0.191444942	0.737714152	0.119292279	0.056725138	-0.207504444	0.286429425	0.413480393	0.332152911	0.073461768	0.137425464	-0.060607111	0.187081217	0.625208636	-0.021213419	0.134503378
1.588482101	-0.308532512	-0.032586028	-0.444162475	8.5	0.706191679	0.23160367	0.091797618	0.920194647	0.110406343	-0.320066451	0.912656691	0.908801815	0.616745139	-0.264097556	-0.158239341	-0.053664663	0.061306007	0.089324531	-0.132194374	0.347312837	0.176045967	0.450770661	0.246360994	-0.14853299	0.257244393	0.248422851	0.706418375	0.032883886	-0.079608967	0.167484174	-0.034168022	-0.194318763	0.797402674	0.217995148	0.102957704
1.54434507	-0.591634748	-0.195584366	-0.542227817	7.783333333	0.893291424	0.166234555	-0.089567733	0.931916719	-0.051838159	-0.590549837	0.814175954	0.905759633	0.520658558	-0.708982142	0.102688693	-0.35957156	-0.067835914	-0.149745814	0.452371171	0.195760527	0.277589074	0.348839959	0.169943195	-0.213978008	-0.077666325	0.002308825	0.451847195	0.098884459	-0.168555682	0.2249768	-0.19978048	-0.219122335	0.639232955	-0.100778191	0.154599186
1.479023084	0.030264728	0.063856954	0.074274985	6.85	0.563122503	-0.074791049	-0.090591539	0.423465222	-0.028458866	0.13989492	0.238367818	0.300446589	0.57897984	0.167805879	0.512034098	-0.201730184	-0.020198831	-0.009739517	0.421240525	0.021035924	-0.035257816	0.370085503	0.08548761	0.018274739	-0.404592614	-0.026332243	0.690754125	0.325053803	-0.051623254	-0.101722372	0.040421686	0.23930834	0.84442159	-0.27359356	0.157226816
1.515399737	0.227581333	0.211014887	0.474387642	8.366666667	0.726534247	0.049064147	-0.137144671	0.630140541	-0.089333661	0.394014781	0.14043733	0.201946989	0.717995935	0.223571626	-0.295608339	0.127037297	0.004454416	0.271614906	-0.257839332	0.189515873	-0.239714421	1.155455048	-0.030747628	0.397914972	0.262459034	0.52553892	0.460878104	0.069789519	0.376478173	0.257989719	0.217600435	0.42854942	0.589785289	-0.257239688	0.362928397
1.668589238	-0.386904951	-0.033074092	-0.346696681	8.533333333	0.681807749	0.166700302	0.044303901	0.751930051	-0.066595635	-0.428337435	0.812230889	0.848346351	0.749023561	-0.355822774	0.398440371	0.042592413	0.022074447	0.141390662	-0.130797068	0.248212798	0.247781375	0.458212319	0.169895297	-0.205642049	0.129776482	0.115808623	0.766682715	-0.03681905	-0.105111867	0.216503639	-0.056868333	-0.127282015	0.648571707	-0.024383456	0.134504743
1.286022737	0.2240287	0.125661772	0.441495475	7.15	0.236118228	-0.28296853	-0.154787804	0.386045645	0.018841848	0.494367916	0.419982619	0.419107203	0.892394715	0.049187694	-0.155177873	0.066706007	0.077795503	0.352630058	-0.076299162	0.149870523	0.043783702	0.904803222	0.123768987	0.319121047	0.080523424	0.019067208	0.675516276	0.035527781	0.247580995	-0.121705789	0.099287396	0.517178012	0.560121094	-0.217697309	0.184642038
1.508529846	-0.226575845	-0.218020836	0.209945788	8.033333333	0.654786821	0.081410553	-0.020235903	0.775422001	-0.062720356	0.081618096	0.70183402	0.688351177	0.491342	-0.092888099	0.21099351	-0.04379426	0.09856212	0.114756284	0.102506184	0.244626622	-0.117170088	0.574704398	0.053829907	0.339993827	-0.050528952	0.381436227	0.331766458	-0.175742269	0.081973961	0.278358608	-0.208894877	0.133130662	0.386798516	-0.133859227	0.441946257
1.721644824	-0.568238206	0.078800154	0.14230864	10.76666667	0.459832831	0.235701759	0.116581374	0.731005965	0.110222798	-0.169747628	0.732104283	0.744772818	0.766916154	-0.402546698	0.319103901	0.150883787	0.174728702	0.040764232	0.004248018	0.328129383	0.214580031	1.042373856	0.389110755	0.274724966	0.020137016	0.25442016	0.420563311	0.1144701	0.192720113	0.308824563	0.089478611	-0.132133546	0.826254888	0.17879299	0.245660165
1.229539443	0.077436013	0.123403937	-0.120086683	6.416666667	0.768236245	-0.148130689	0.133196618	0.347199073	-0.010761145	-0.010891903	0.419093767	0.408040701	0.469228741	-0.054555645	-0.417191633	0.164366608	0.066324963	0.086665371	-0.17253822	-0.050558628	-0.050146988	0.818983552	0.029529183	0.329069117	-0.465334282	0.137287146	0.816885311	-0.104568933	-0.088441831	-0.16298431	0.136532034	0.075935725	0.473401462	-0.256636546	0.259147714
1.469353318	0.141529198	0.08676149	0.082257691	6.85	0.624526537	-0.056741877	-0.13815968	0.507388586	-0.035541035	0.163568068	0.52664355	0.559268266	0.561373216	0.089381996	0.57307442	-0.194755293	-0.057487735	0.049041703	0.306609897	0.057090139	0.003698096	0.250835366	-0.010786679	0.026909588	-0.281406251	-0.120771582	0.685247134	0.06775729	-0.077990884	-0.143426803	0.0667999	0.263594382	0.75793231	-0.264236128	0.188227519
1.591971399	-0.120397542	0.079270858	-0.361887089	7.366666667	0.554857379	0.161417561	0.158770565	0.749271623	0.021376988	-0.118194577	1.157003313	1.231014913	0.844201809	-0.258784031	0.513413997	0.039294564	-0.023588592	0.131051711	0.258917492	0.197216382	0.360147025	0.587925104	0.104826547	-0.062437987	0.152317616	0.041985326	0.78090885	-0.127522327	-0.000598499	0.147605229	0.140042146	-0.104240695	0.346232532	0.075868972	0.214308555
1.643184969	0.315611527	0.157984682	-0.057542159	7.95	0.602611661	0.195652896	0.073644225	0.697350064	0.031655713	0.276916367	0.563492592	0.624138867	0.858075575	0.135877193	0.237485875	0.174060545	0.021816748	0.287500849	0.387740825	0.19848749	0.17753935	0.918611284	0.093191493	0.237352495	0.515160936	0.157050198	0.78682381	0.137608516	0.163504204	0.388750345	0.169934432	0.310673667	0.647411213	-0.050109393	0.21358121
1.649962076	0.169501559	0.032878747	0.029251827	6.833333333	0.514106316	0.071063225	-0.085184841	0.603590305	-0.085468	-0.205323535	0.609282514	0.618788113	0.450985788	0.108202452	-0.227253401	0.194466439	0.191015154	0.146574996	-0.274835399	0.31250175	0.044814604	0.451595626	0.134860799	0.45866105	0.17240104	-0.054321104	0.925898126	-0.156296048	0.252356693	0.006336822	0.043663018	0.219788736	0.331594671	-0.154802822	0.053440465
1.552761126	-0.265196654	0.066733859	-0.079583059	8.066666667	0.511117816	0.199119763	0.070863784	0.777982223	-0.013808748	-0.13374727	0.926316276	0.898272197	1.028617621	-0.325360843	-0.038779168	0.336235635	0.073210658	0.317309475	-0.385435252	0.30412177	0.336325068	0.569772124	0.242768455	0.184693298	0.387663851	0.080369821	1.038633393	-0.115723891	-0.02529241	0.084933177	0.06496774	-0.039054982	0.691429085	0.03834644	0.070061118
1.382277046	-0.15843716	-0.120039228	-0.336722507	7.616666667	0.147632711	0.034417934	-0.161602981	0.598310266	0.057490314	-0.372655653	1.206872985	1.179294696	0.635726738	-0.185196845	0.044071598	-0.143429739	0.073487997	0.14491842	-0.066998784	0.321740609	0.193926313	0.435382613	0.211233778	0.144506926	-0.021783801	-0.270300152	0.448779283	-0.421324183	0.12065783	-0.0306082	-0.054549061	0.071934645	0.841513359	0.027825029	0.296449402
1.593487475	0.228834272	0.180728194	0.056775132	7.65	0.30657234	0.082971886	0.063387226	0.701870115	0.081029224	0.177939926	0.791911944	0.795979606	0.856919788	0.092791285	0.081538935	0.017963189	0.142189556	0.401973136	-0.016488536	0.376757382	-0.168837997	1.217881095	0.173851598	0.339626433	0.334100843	0.150541364	0.9056395	0.100654401	0.243360627	0.183497539	0.186636617	0.213587008	0.718134167	-0.076651718	0.379086014
1.563183839	0.041314556	0.189347506	0.078566858	9.05	0.155190941	0.123566578	0.107659393	1.019684604	0.069966997	0.128177373	0.513005042	0.531526876	0.976118782	0.012867889	0.072578165	0.036083591	0.153793221	0.216479714	-0.201935089	0.154477488	0.05457049	0.590079164	0.156269466	0.47935551	0.167336719	-0.313915897	0.442308909	0.248673336	0.217300214	0.30235068	0.226388569	0.216721897	0.757152764	-0.307576189	0.168189791
1.503289669	0.172144494	0.269338053	0.051193259	7.2	0.176949129	-0.007167558	0.21924285	0.502956898	0.134270325	0.291861531	1.428931268	1.302430839	0.678505144	0.102229625	-0.429711204	0.240822599	0.244050983	0.224796811	-0.226402754	0.339094772	0.26478272	1.200969107	0.358391969	0.231648556	0.371403152	-0.227082864	0.839208992	0.128402772	0.305591766	-0.09937479	0.285413788	0.265491157	0.836612075	0.059992706	0.166554887
1.391972087	0.047760654	0.034302883	-0.357380184	6.7	0.603677433	-0.13166701	-0.276551502	0.539870528	0.005871787	-0.159545953	0.729731967	0.768754314	0.107146974	-0.044589663	-0.194595754	-0.19029	-0.034476066	-0.034891124	-0.145688255	0.048015728	-0.124765894	0.119037395	0.040246802	-0.166139356	-0.141718657	0.330849354	0.778038888	-0.16541796	-0.240012818	0.120951613	0.048363349	-0.137967117	0.585118727	-0.037383801	0.448748262
1.452753234	0.194808333	0.188888466	0.316280655	6.983333333	0.18607546	-0.117267404	-0.197728226	0.665669975	0.047953814	0.261645174	0.690593493	0.71983833	0.632515354	0.125860189	-0.025345713	0.027985875	0.079336351	0.265966073	0.033603609	0.15743989	0.189765007	0.892146242	0.084659023	0.280777055	-0.049090348	0.09359866	0.871694084	-0.005319855	0.333935728	0.054710103	0.175961499	0.257113432	0.785200014	0.06103472	0.242197751
1.420593992	0.170739812	0.025545437	0.44398661	5.933333333	0.064695454	-0.115461662	-0.479838301	0.310089321	-0.026656575	0.495371316	0.729141005	0.471344038	0.490316801	0.314354703	-0.221952735	0.022591595	0.07025771	0.063278479	0.141369617	-0.116840516	-0.118501751	0.512629504	-0.069122202	0.264072813	-0.650801005	0.049968014	0.546402749	-0.090468274	0.310987058	-0.170718564	0.021241423	0.346666526	0.402650996	-0.464523798	0.276588211
1.350097923	0.216208885	0.092853022	0.199441545	5.85	0.604610746	-0.15933509	-0.334996024	0.412092653	-0.030203815	0.132334621	0.301731602	0.336384373	0.553843299	0.222980376	-0.173959346	0.088173533	-0.098176327	0.183586027	0.429094835	0.112881518	-0.384984843	0.407565143	-0.057000491	0.114444441	-0.283626323	0.353874362	0.130000725	0.221688604	0.019662796	-0.080856044	0.0990311	0.41778866	0.276623271	-0.288640322	0.041153224
1.398407553	0.329317652	0.155574486	0.479581424	6.033333333	0.67386993	-0.291213811	-0.270865154	0.33613101	-0.032563545	0.430392968	0.370288317	0.369561985	0.257835138	0.390165914	-0.167693237	-0.062033243	-0.002552094	0.160970536	0.018620992	-0.235469783	-0.180784222	0.643599716	-0.112737202	0.289057374	-0.737315992	-0.302365063	0.699965908	0.228323823	0.406192275	-0.261725036	0.158841989	0.39263544	0.542462738	-0.4692978	0.2914884
1.323524812	-0.097610248	-0.09096603	0.124820231	6.416666667	0.447800441	-0.153036529	-0.421056232	0.416564167	-0.034292123	0.241075263	0.721350394	0.699439434	0.298568013	0.063150519	-0.325186983	-0.075041979	0.082436879	0.006641184	-0.115359693	-0.081954051	-0.064939003	0.425897549	-0.209870949	0.132557963	-0.994151338	0.066498121	0.635508743	0.080508009	0.356636419	-0.22533538	-0.091453485	0.095912145	0.40423363	-0.037423649	0.342211573
1.434864018	-0.096774709	-0.169594055	0.039424858	6.1	0.549568058	-0.035854452	-0.206387562	0.682314016	-0.091422159	0.162645401	1.04287865	1.021959407	0.270687298	-0.153141484	-0.312512911	-0.17580521	0.07651264	-0.162871424	-0.12510154	-0.144284709	-0.147218284	0.314166151	-0.135485986	0.162267857	-0.711525295	-0.166849801	0.536170694	0.13801457	0.197113372	-0.296926245	-0.143496275	0.077132864	0.657538882	-0.231109231	0.247665315
1.593695276	0.234912229	-0.118890052	0.048823173	7.1	0.716423798	3.72761E-05	-0.222621434	0.572952439	-0.090693815	0.568183592	0.588317823	1.065282195	0.576308933	0.259292334	-0.135091749	-0.033969129	0.012715161	0.159183554	0.163257319	-0.025670989	-0.091816733	0.91977073	0.0023098	0.404847073	-0.217270728	0.104703452	0.678331157	-0.025862107	0.287044939	-0.013604904	-0.059584081	0.108563088	0.595142946	-0.22096802	0.143836066
