Q1
0.419
0.958
0.761
0.923
0.931
0.942
0.842
1
1
0.782
1
0.614
1
0.703
1
1
0.496
1
1
0
0.892
0.037
0.098
0.799
0.202
0.236
0
0
0.875
0
0
0.509
0.597
1
1
0.206
0.976
1
1
0.991
1
0.719
1
0.406
1
1
0.87
1
0.87
1
1
0.996
0.68
1
0.467
0
1
0.964
0.871
1
0.874
0.403
0.908
0.735
0.527
1
1
1
1
0.81
0.869
1
1
1
0.924
0.993
1
0.935
0.912
0.854
0.961
0.938
0.995
0.983
0.76
1
0.556
0.966
0.091
0.903
0
0.265
0.112
1
0.971
0.076
0.493
0.738
1
0.841
0.847
0.879
0.677
1
0.365
1
1
1
0.435
1
1
0.407
0.739
0.713
0.755
0.711
0.649
0.814
0.817
0.551
0.848
0.891
0.95
1
1
1
0.659
0.739
0.453
0.783
1
1
1
1
0.759
1
1
1
1
1
0.611
1
1
0.628
0.465
0.741
1
1
1
0.711
1
0.773
1
0.773
0.972
0.325
1
1
0.661
0.954
1
0.993
0.752
